84258720
64275429
50492010
93548744
27648480
60314472
52695354
46375986
88797280
46906783
62666722
52779136
52760095
52729722
99993573
99992866
99994719
10039582
10001735
10000409
28941825
15128493
55004018
71000373
41383720
62963139
93023021
33657659
88164442
39724116
90550584
18750721
68510512
45940315
50124229
72960176
27198713
15629273
42070980
62499450
75524582
33576376
77403084
82919355
15000992
58290436
20303349
44899909
35508681
71421623
22297433
19475296
39356364
66409112
22793360
11864159
93321458
45485033
35464345
82476999
44303035
29331466
49123568
16345172
70365000
17598595
32133685
23905811
74589204
37939011
63596320
12466422
54862641
86299818
24504872
34234324
49593974
26485816
19690711
49868038
97140516
53275552
33792391
86173842
635930594
964530970
2000343403
8685
747578
3845971
1522200
554500
97282
4119092
9
69
59770
3673
1704595
556


